
1.46    1.45
1e-030

7.46154    48.1538    11.7692    30    95.4231

1.45194    0.41611    0    -0.23654    71.6483    

-0.302275    -0.0098644    4.01692e-005    -0.00365708    
47.9727

0.116998    0.18561    0    0.173288    
2.30874

0.991128

166.832

78.4383     0.0616864
72.8673     1.43266
106.191     -1.89097
89.4016     -1.80164
95.6438     0.256247
105.302     3.89822
104.129     -1.42867
75.5919     -3.09188
91.8182     1.28177
115.546     0.353883
81.7023     2.09773
112.244     1.05561
111.625     -2.22467

1.06633    0.20439    -0.893654    0.460588    0.567737    
0.20439    18.7803    -2.24227    18.3226    0.430414    
0.893654    2.24227    0.0213363    2.37143    0.000925778    
0.460588    18.3226    -2.37143    18.9401    -0.263183    
-0.567737    -0.430414    0.000925778    0.263183    0.0176645    

4.75    4.67
1e-030

7.46154    48.1538    11.7692    30    95.4231

1.46831    0.66225    0    0    52.5773    

-0.31241    -0.44473    0.0036063    0.00365708    
57.9045

0.121301    0.0458547    0    0    
2.40634

0.989282

229.504

80.074     -1.574
73.2509     1.04908
105.815     -1.51474
89.2585     -1.65848
97.2925     -1.39251
105.152     4.04751
104.002     -1.30205
74.5754     -2.07542
91.2755     1.82451
114.538     1.36246
80.5357     3.26433
112.437     0.862756
112.293     -2.89344

1.05513    -0.241181    -0.835985    -0.0243182    0.574137    
-0.241181    1.05513    0.0518466    -0.967396    0.685017    
0.835985    -0.0518466    0.318256    -0.125207    0.0338781    
0.0243182    0.967396    -0.125207    0.0527981    -0.0138956    
-0.574137    -0.685017    0.0338781    -0.0138956    0.0213216    

9.33    9.07
1e-030

7.46154    48.1538    11.7692    30    95.4231

1.43996    0    0    -0.613954    103.097    

-0.297929    0.0098644    0.00881004    -0.438523    
74.7621

0.138417    0    0    0.0486446    
2.73427

0.986139

176.627

76.3399     2.16013
72.6118     1.68825
106.658     -2.35785
90.0811     -2.4811
92.9166     2.98338
105.43     3.77006
103.734     -1.03353
77.5234     -5.02338
92.4703     0.629682
117.374     -1.47371
83.6629     0.137083
111.569     1.73052
110.13     -0.729521

1.06411    -0.0108832    -0.869251    0.261179    0.563052    
0.0108832    0.0532473    -0.119395    0.975626    0.0229184    
0.869251    -0.119395    0.289051    0.183816    -0.0504633    
0.261179    -0.975626    -0.183816    1.06411    -0.683107    
-0.563052    0.0229184    -0.0504633    0.683107    0.027529    

1.46    1.45
1e-030

7.46154    48.1538    11.7692    30    95.4231

1.45194    0.41611    0    -0.23654    71.6483    

-0.302275    -0.0098644    4.01692e-005    -0.00365708    
47.9727

0.116998    0.18561    0    0.173288    
2.30874

0.991128

166.832

78.4383     0.0616864
72.8673     1.43266
106.191     -1.89097
89.4016     -1.80164
95.6438     0.256247
105.302     3.89822
104.129     -1.42867
75.5919     -3.09188
91.8182     1.28177
115.546     0.353883
81.7023     2.09773
112.244     1.05561
111.625     -2.22467

1.06633    0.20439    -0.893654    0.460588    0.567737    
0.20439    18.7803    -2.24227    18.3226    0.430414    
0.893654    2.24227    0.0213363    2.37143    0.000925778    
0.460588    18.3226    -2.37143    18.9401    -0.263183    
-0.567737    -0.430414    0.000925778    0.263183    0.0176645    

4.75    4.67
1e-030

7.46154    48.1538    11.7692    30    95.4231

1.46831    0.66225    0    0    52.5773    

-0.31241    -0.44473    0.0036063    0.00365708    
57.9045

0.121301    0.0458547    0    0    
2.40634

0.989282

229.504

80.074     -1.574
73.2509     1.04908
105.815     -1.51474
89.2585     -1.65848
97.2925     -1.39251
105.152     4.04751
104.002     -1.30205
74.5754     -2.07542
91.2755     1.82451
114.538     1.36246
80.5357     3.26433
112.437     0.862756
112.293     -2.89344

1.05513    -0.241181    -0.835985    -0.0243182    0.574137    
-0.241181    1.05513    0.0518466    -0.967396    0.685017    
0.835985    -0.0518466    0.318256    -0.125207    0.0338781    
0.0243182    0.967396    -0.125207    0.0527981    -0.0138956    
-0.574137    -0.685017    0.0338781    -0.0138956    0.0213216    

9.33    9.07
1e-030

7.46154    48.1538    11.7692    30    95.4231

1.43996    0    0    -0.613954    103.097    

-0.297929    0.0098644    0.00881004    -0.438523    
74.7621

0.138417    0    0    0.0486446    
2.73427

0.986139

176.627

76.3399     2.16013
72.6118     1.68825
106.658     -2.35785
90.0811     -2.4811
92.9166     2.98338
105.43     3.77006
103.734     -1.03353
77.5234     -5.02338
92.4703     0.629682
117.374     -1.47371
83.6629     0.137083
111.569     1.73052
110.13     -0.729521

1.06411    -0.0108832    -0.869251    0.261179    0.563052    
0.0108832    0.0532473    -0.119395    0.975626    0.0229184    
0.869251    -0.119395    0.289051    0.183816    -0.0504633    
0.261179    -0.975626    -0.183816    1.06411    -0.683107    
-0.563052    0.0229184    -0.0504633    0.683107    0.027529    
